79 
 
 
 
 
 
 
11 
12 
13 
14 
15 
16 
17 
18 
19 
20 
2 
6 
6 
3 
8 
8 
1 
7 
2 
5 
7 
1 
2 
5 
2 
4 
7 
1 
3 
3 
6 
1 
4 
9 
1 
2 
2 
5 
8 
4 
5 
5 
2 
-5 
-3 
5 
3 
4 
-5 
-1 
7 
1 
1 
9 
3 
2 
8 
8 
2 
2 
5 
7 
7 
5 
2 
1 
7 
7 
9 
4 
4 
8 
3 
6 
8 
7 
4 
8 
7 
1 
8 
4 
7 
1 
-6 
-8 
3 
-3 
-4 
1 
2 
1 
9 
-2 
-9 
6 
2 
9 
-2 
-8 
9 
7 
2 
7 
6 
3 
6 
8 
7 
1 
 
48 
35 
42 
10 
43 
54 
56 
3 
8 
56 
 
1 
2 
3 
4 
5 
6 
7 
8 
9 
10 
1 
4 
1 
8 
4 
6 
6 
9 
5 
8 
8 
4 
1 
5 
-8 
-7 
7 
8 
-5 
-6 
3 
3 
6 
3 
7 
5 
4 
9 
4 
6 
6 
8 
3 
3 
9 
1 
8 
1 
8 
9 
6 
6 
2 
1 
4 
1 
4 
6 
6 
9 
3 
7 
9 
-6 
-6 
5 
9 
-3 
-7 
1 
6 
7 
-8 
-1 
5 
1 
8 
3 
-6 
-5 
1 
2 
6 
9 
2 
3 
5 
6 
1 
8 
5 
7 
9 
1 
7 
7 
5 
4 
6 
5 
3 
8 
2 
8 
-4 
-3 
9 
-7 
-4 
9 
 
52 
7 
50 
56 
45 
12 
10 
43 
56 
21 
EFICIENCIA 
% 
Evaluación y Entrenamiento de velocidad  
Con sumas de 1, 2, 3, y 4 dígitos  
Cálculo con el Nepo 
EFICIENCIA MÍNIMA: 75 % 
 
80 
 
 
 
 
 
11 
12 
13 
14 
15 
16 
17 
18 
19 
20 
18 
21 
56 
21 
15 
93 
10 
76 
39 
83 
58 
39 
56 
49 
-91 
-14 
80 
41 
-78 
-93 
69 
90 
34 
48 
53 
80 
12 
91 
54 
85 
10 
76 
93 
30 
98 
31 
80 
47 
62 
73 
63 
47 
39 
-45 
-27 
53 
-12 
-83 
70 
38 
20 
53 
90 
85 
68 
30 
91 
20 
34 
13 
35 
74 
19 
97 
63 
-10 
-82 
95 
-19 
-32 
76 
29 
15 
93 
61 
37 
63 
49 
96 
84 
34 
73 
50 
25 
-90 
49 
34 
12 
-95 
-31 
62 
20 
98 
62 
43 
31 
84 
52 
19 
32 
 
432 
47 
616 
600 
143 
504 
240 
603 
61 
503 
 
 
1 
2 
3 
4 
5 
6 
7 
8 
9 
10 
83 
98 
49 
81 
67 
35 
19 
36 
40 
98 
23 
17 
84 
63 
36 
-85 
-72 
41 
-50 
-34 
82 
96 
31 
76 
52 
90 
87 
23 
75 
12 
47 
26 
31 
53 
-62 
-47 
83 
-62 
-59 
64 
10 
26 
84 
28 
39 
82 
56 
93 
54 
89 
56 
39 
18 
20 
41 
69 
98 
52 
65 
21 
20 
13 
91 
40 
75 
52 
35 
26 
-63 
-79 
76 
95 
78 
95 
71 
63 
28 
92 
45 
78 
68 
93 
42 
20 
83 
62 
83 
75 
86 
67 
71 
86 
70 
89 
94 
-29 
-57 
40 
-25 
-74 
 
606 
23 
624 
74 
561 
479 
210 
721 
679 
265 
EFICIENCIA 
% 
Evaluación y Entrenamiento de velocidad  
Con sumas de 1, 2, 3, y 4 dígitos  
Cálculo con el TIKA 
EFICIENCIA MÍNIMA: 75 % 
 
81 
 
 
 
 
 
 
1 
2 
3 
4 
5 
6 
7 
8 
9 
10 
32 
94 
31 
65 
48 
37 
90 
54 
13 
42 
91 
12 
90 
71 
-29 
-65 
40 
69 
-32 
-65 
70 
35 
97 
74 
81 
28 
72 
50 
25 
79 
17 
71 
27 
91 
78 
16 
48 
90 
14 
23 
43 
21 
70 
82 
54 
-85 
-24 
47 
-63 
-74 
12 
80 
24 
89 
46 
98 
62 
20 
61 
56 
50 
78 
31 
15 
-64 
-26 
65 
-51 
-13 
80 
39 
21 
15 
69 
37 
41 
56 
80 
49 
17 
57 
73 
16 
81 
-93 
19 
-75 
-37 
15 
53 
84 
95 
74 
23 
42 
15 
89 
56 
73 
47 
 
506 
182 
611 
475 
71 
548 
165 
424 
109 
598 
11 
12 
13 
14 
15 
16 
17 
18 
19 
20 
86 
39 
65 
17 
48 
31 
80 
16 
31 
90 
30 
67 
84 
23 
57 
36 
49 
90 
49 
61 
62 
24 
83 
-21 
-42 
90 
74 
-68 
-90 
19 
26 
35 
21 
32 
40 
24 
58 
96 
19 
61 
34 
10 
25 
59 
92 
-38 
-96 
31 
-70 
-46 
58 
62 
16 
45 
12 
67 
59 
60 
15 
36 
10 
23 
76 
-95 
48 
64 
12 
96 
-74 
27 
84 
65 
58 
14 
39 
70 
26 
98 
35 
76 
50 
94 
23 
-61 
-37 
46 
90 
85 
-14 
-70 
94 
47 
29 
86 
69 
92 
25 
42 
21 
34 
 
503 
546 
131 
412 
1 
430 
133 
565 
206 
539 
EFICIENCIA 
% 
Evaluación y Entrenamiento de velocidad  
Con sumas de 1, 2, 3, y 4 dígitos  
Cálculo con el Nepo 
EFICIENCIA MÍNIMA: 75 % 
 
82 
 
 
 
 
11 
12 
13 
14 
15 
16 
17 
18 
19 
20 
246 
978 
432 
569 
951 
763 
325 
401 
871 
593 
243 
751 
234 
751 
134 
195 
973 
681 
182 
945 
803 
291 
479 
281 
320 
594 
254 
678 
732 
196 
925 
107 
-158 
-493 
319 
742 
702 
839 
-780 
-347 
261 
408 
-173 
654 
842 
976 
284 
-537 
-121 
964 
580 
692 
102 
384 
469 
135 
782 
651 
804 
925 
768 
421 
126 
504 
942 
387 
169 
257 
482 
576 
269 
403 
128 
154 
679 
230 
702 
814 
126 
193 
184 
276 
519 
-182 
746 
905 
-157 
-369 
894 
673 
563 
127 
201 
498 
690 
825 
936 
185 
702 
814 
 
6,129 
5,089 
4,628 
1,856 
3,558 
5,524 
4,632 
3,698 
3,489 
5,541 
 
1 
2 
3 
4 
5 
6 
7 
8 
9 
10 
976 
815 
681 
127 
526 
908 
870 
134 
523 
761 
856 
-102 
-738 
524 
267 
981 
794 
-652 
-368 
710 
604 
837 
356 
948 
238 
761 
846 
923 
738 
151 
274 
918 
925 
873 
134 
702 
589 
460 
298 
704 
635 
149 
269 
871 
154 
138 
892 
516 
250 
769 
691 
143 
-310 
659 
672 
398 
419 
-763 
-350 
812 
390 
846 
235 
904 
906 
541 
268 
705 
913 
560 
784 
932 
253 
-690 
-587 
436 
359 
-287 
-578 
649 
120 
567 
985 
136 
892 
653 
561 
709 
928 
310 
391 
724 
-783 
691 
510 
269 
428 
-710 
-261 
839 
 
6,321 
2,272 
6,402 
5,877 
4,643 
2,371 
6,268 
1,271 
5,861 
2,098 
EFICIENCIA 
% 
Evaluación y Entrenamiento de velocidad  
Con sumas de 1, 2, 3, y 4 dígitos  
Cálculo con el TIKA 
EFICIENCIA MÍNIMA: 75 % 
 
83 
 
 
 
 
11 
12 
13 
14 
15 
16 
17 
18 
19 
20 
216 
394 
741 
830 
423 
085 
930 
276 
476 
193 
245 
180 
470 
321 
345 
978 
603 
247 
987 
152 
589 
276 
-748 
615 
510 
439 
-632 
740 
127 
695 
739 
210 
895 
403 
137 
812 
689 
320 
950 
861 
592 
376 
174 
839 
961 
743 
396 
227 
127 
845 
513 
462 
-498 
305 
705 
-412 
-819 
640 
548 
192 
914 
726 
285 
607 
748 
596 
324 
807 
408 
592 
819 
205 
385 
716 
234 
179 
586 
790 
259 
481 
560 
271 
603 
-895 
157 
468 
-513 
902 
175 
248 
417 
680 
748 
913 
910 
537 
198 
354 
570 
218 
 
4,564 
4,528 
2,611 
6,016 
5,280 
1,636 
6,007 
4,654 
1,976 
5,545 
 
1 
2 
3 
4 
5 
6 
7 
8 
9 
10 
537 
129 
871 
240 
407 
893 
843 
562 
197 
156 
460 
982 
342 
715 
793 
428 
128 
657 
842 
135 
746 
195 
-320 
851 
507 
316 
854 
-907 
-623 
119 
291 
850 
358 
617 
432 
786 
350 
162 
485 
709 
351 
894 
670 
189 
215 
960 
498 
153 
716 
830 
471 
352 
386 
-520 
-135 
249 
423 
-587 
-634 
750 
418 
930 
189 
241 
430 
587 
516 
708 
297 
635 
917 
850 
162 
437 
213 
784 
764 
125 
205 
897 
180 
795 
-943 
672 
406 
981 
-743 
-612 
470 
538 
126 
751 
814 
573 
195 
647 
418 
329 
821 
530 
 
4,835 
5,482 
1,738 
5,040 
5,476 
755 
4,951 
5,354 
1,744 
5,204 
EFICIENCIA 
% 
Evaluación y Entrenamiento de velocidad  
Con sumas de 1, 2, 3, y 4 dígitos  
Cálculo con el Nepo 
EFICIENCIA MÍNIMA: 75 % 
 
84 
 
 
 
 
11 
12 
13 
14 
15 
16 
17 
18 
19 
20 
954 
602 
786 
519 
820 
763 
903 
 217 
720 
895 
609 
352 
427 
160 
570 
984 
402 
736 
645 
901 
586 
204 
-427 
896 
109 
654 
913 
-702 
-796 
240 
465 
329 
123 
795 
982 
314 
496 
725 
342 
689 
109 
742 
651 
138 
239 
687 
853 
104 
197 
825 
375 
-109 
-231 
784 
113 
967 
-495 
-632 
509 
278 
324 
589 
590 
126 
574 
459 
286 
871 
529 
604 
975 
169 
508 
132 
794 
824 
359 
216 
740 
824 
290 
718 
-173 
465 
281 
643 
-824 
-169 
183 
641 
167 
802 
890 
741 
203 
958 
460 
217 
103 
796 
 
7,179 
5,786 
1,677 
5,260 
4,545 
1,559 
4,952 
5,541 
2,055 
5,337 
 
1 
2 
3 
4 
5 
6 
7 
8 
9 
10 
910 
742 
406 
579 
890 
165 
654 
827 
385 
102 
603 
215 
167 
803 
592 
318 
285 
139 
403 
675 
847 
-316 
635 
298 
193 
175 
712 
-930 
-297 
486 
683 
790 
438 
561 
283 
716 
162 
430 
523 
167 
684 
932 
509 
768 
357 
196 
803 
172 
785 
610 
241 
706 
-129 
435 
534 
106 
647 
-132 
-761 
209 
594 
328 
167 
142 
619 
823 
147 
280 
968 
513 
723 
104 
876 
352 
249 
103 
510 
248 
172 
951 
907 
-281 
-564 
139 
319 
847 
961 
582 
-195 
-467 
273 
587 
419 
208 
385 
712 
879 
106 
520 
914 
 
5,660 
4,200 
1,803 
4,753 
5,816 
1,856 
4,581 
4,288 
2,248 
5,003 
EFICIENCIA 
% 
Evaluación y Entrenamiento de velocidad  
Con sumas de 1, 2, 3, y 4 dígitos  
Cálculo con el TIKA 
EFICIENCIA MÍNIMA: 75 % 
 
